20
13 4
1 1 0 0
1 1 1 1
1 0 1 0
1 0 1 0
1 1 1 1
0 0 1 0
1 1 0 1
0 1 1 1
0 1 1 1
1 0 0 0
0 0 0 1
0 1 1 1
0 1 1 1
10 8
1 0 1 0 0 1 1 1
1 1 0 0 1 1 1 1
0 1 1 0 1 0 0 0
1 0 1 0 1 0 1 1
1 0 1 1 0 0 0 1
1 0 1 0 0 0 0 0
0 1 0 1 1 0 1 1
1 1 1 0 1 0 1 0
1 0 1 1 0 1 0 0
0 1 0 0 0 0 0 0
3 5
1 1 1 0 0
0 1 0 0 1
0 0 1 1 0
7 11
1 0 0 1 0 0 1 0 0 0 0
0 0 1 1 1 0 1 0 0 1 0
0 0 0 0 1 0 1 0 0 0 1
1 1 1 1 0 0 1 0 0 1 0
1 0 0 1 1 0 1 0 0 0 0
0 0 0 0 1 0 1 1 1 0 0
1 1 1 1 0 1 1 1 0 1 1
2 2
0 0
0 1
8 6
1 0 0 1 1 0
0 0 1 1 0 0
0 1 1 1 1 0
1 0 0 0 1 0
0 1 0 0 0 0
0 0 1 1 1 0
1 1 0 0 1 0
0 1 1 1 1 0
4 15
0 0 0 1 1 0 0 1 1 1 0 1 1 1 0
0 1 1 0 1 0 1 1 0 0 0 0 1 0 0
1 0 0 1 1 1 0 1 1 1 0 1 0 1 0
1 0 1 0 0 0 0 1 1 1 1 1 1 1 1
8 2
1 1
0 0
1 0
1 0
1 0
1 1
1 1
0 1
11 16
1 0 1 0 1 0 0 0 1 1 1 0 1 0 0 1
0 1 1 1 1 0 1 0 0 1 1 0 0 1 1 0
1 1 0 0 1 0 0 1 1 1 1 1 1 1 0 1
0 0 0 1 0 0 1 0 1 0 1 1 1 0 1 0
1 0 0 1 0 0 0 0 1 1 1 0 1 1 1 1
1 0 1 0 0 0 0 1 1 1 0 0 0 0 1 1
0 1 0 0 0 0 0 1 0 1 0 1 1 1 0 0
1 1 0 1 0 1 0 1 0 1 1 0 1 0 0 1
0 0 1 0 1 0 1 1 1 1 0 0 1 0 1 0
0 1 0 0 0 0 1 1 1 0 1 0 1 1 1 1
0 1 1 1 1 0 0 0 0 0 1 1 0 0 1 0
11 8
0 0 0 1 1 1 0 0
0 1 0 1 0 0 0 1
1 1 1 1 0 1 1 1
0 1 1 0 0 0 1 0
0 1 0 1 1 0 0 1
1 0 0 1 0 1 0 1
0 1 0 0 1 1 1 1
0 0 1 0 1 1 1 1
0 1 1 1 1 1 0 0
1 1 1 1 0 1 0 0
0 0 1 1 1 0 1 1
4 15
0 0 1 1 1 0 0 0 1 1 1 0 1 0 1
0 1 1 1 1 1 1 1 0 1 0 1 0 0 0
0 0 0 0 1 1 0 1 0 1 0 1 1 1 0
0 1 1 1 0 1 1 1 0 1 0 1 0 0 1
2 3
1 0 1
0 0 1
12 9
0 1 1 0 0 1 0 1 1
0 1 0 1 0 0 0 1 1
1 1 0 1 0 1 0 1 1
0 0 0 0 1 1 1 1 1
1 1 0 0 1 1 0 0 0
0 1 1 0 0 0 0 1 1
0 1 0 1 1 1 0 1 0
1 1 1 1 0 0 1 0 0
1 0 0 1 0 1 0 0 1
0 1 1 1 1 0 0 0 0
1 0 1 1 0 0 0 1 0
0 0 0 0 1 0 1 0 1
11 3
1 0 1
0 1 0
1 1 0
0 1 1
0 1 0
0 1 0
1 0 1
0 0 1
1 1 0
0 0 1
0 1 1
11 12
0 0 1 1 0 1 1 0 0 0 0 0
1 1 0 1 0 0 0 1 1 1 0 1
1 1 0 0 0 1 0 0 1 0 1 0
1 0 0 1 0 0 0 0 1 0 1 1
0 1 1 1 0 1 1 1 0 1 0 0
0 0 0 0 0 1 0 0 0 0 1 0
0 1 0 0 1 0 1 1 1 0 1 0
1 0 1 1 1 1 1 1 0 1 1 0
1 1 0 1 1 0 1 0 1 0 0 1
0 1 0 1 0 1 1 1 1 1 1 0
0 0 0 0 0 1 1 1 1 1 0 0
14 6
0 1 1 0 0 1
0 0 1 0 0 0
1 1 1 0 0 0
1 0 0 1 1 1
0 0 1 0 1 0
1 1 1 1 0 1
0 0 0 1 0 0
0 1 1 1 0 1
1 1 1 0 0 1
1 0 1 0 0 0
1 1 0 0 0 0
0 1 0 0 0 0
0 0 1 1 0 1
1 1 0 0 1 0
14 10
0 1 1 0 1 0 0 1 1 0
1 1 1 1 1 0 1 1 0 1
0 0 0 1 0 1 0 1 1 1
0 0 0 0 0 0 0 0 1 1
1 1 0 0 0 1 0 0 0 1
1 1 1 1 0 1 0 0 1 0
0 1 0 0 1 0 0 0 1 0
1 0 1 0 0 1 1 1 1 0
0 0 1 1 0 1 1 0 0 0
0 0 1 0 0 1 1 1 1 0
1 0 0 0 0 0 1 0 1 1
0 1 1 1 1 1 0 0 0 0
0 0 0 1 1 1 0 0 0 1
0 1 0 0 1 0 0 0 0 0
6 3
1 1 1
0 0 0
0 0 0
0 1 1
0 0 0
0 0 0
8 16
1 0 0 0 0 0 0 1 0 0 1 0 1 1 0 1
1 1 0 1 1 1 0 1 1 0 0 1 0 0 1 1
0 1 1 0 1 0 1 0 0 1 0 1 0 0 0 1
1 0 0 1 1 1 0 0 1 0 1 0 0 0 1 0
1 1 1 1 1 0 1 1 1 1 0 1 1 0 0 1
1 1 0 0 0 0 1 1 1 0 1 1 1 1 0 0
0 1 1 1 1 0 0 1 1 0 0 1 0 1 0 1
0 0 0 0 0 1 1 1 1 1 1 0 0 1 1 0
14 11
1 1 1 1 0 0 1 1 1 1 0
1 1 0 1 1 0 0 0 1 1 1
0 0 0 0 1 1 0 1 1 1 1
0 0 1 1 1 0 0 1 0 0 0
0 1 1 0 1 1 0 1 0 0 1
0 1 1 1 1 0 1 1 1 1 1
1 0 1 1 1 0 0 1 0 0 0
1 1 0 0 1 1 0 1 0 1 0
1 0 0 0 1 1 1 1 0 0 1
1 0 0 1 0 1 1 0 0 0 1
0 0 0 1 1 0 1 0 0 1 0
0 1 0 1 0 1 0 1 0 1 1
1 1 1 0 0 1 0 1 1 0 1
1 1 0 1 1 0 0 0 1 0 1
