25

22
450
106
87
66
75
372
215
6
304
291
25
88
133
221
85
108
105
381
323
352
130
100

22
349
444
332
327
19
197
332
414
197
39
51
262
113
422
27
118
327
369
143
16
104
415

17
211
122
83
135
75
212
234
90
110
279
24
39
350
220
370
365
18

25
415
332
123
439
410
241
367
328
435
383
33
1
85
296
174
167
430
248
430
214
390
142
94
15
180

11
234
151
358
304
109
374
185
284
414
196
74

21
73
110
367
158
162
53
3
336
271
432
185
250
247
124
391
341
138
172
385
424
323

4
329
33
268
115

26
283
310
441
215
434
100
131
141
262
235
143
199
55
177
383
305
423
109
297
365
298
71
300
323
393
193

19
425
62
367
291
345
226
333
161
262
433
344
402
296
128
147
96
183
375
28

25
347
188
437
314
88
57
215
12
449
9
265
26
71
181
368
17
9
250
177
270
232
122
273
129
302

3
224
34
395

14
174
344
93
160
259
180
217
23
192
215
31
6
292
153

4
209
169
298
9

26
169
292
121
44
23
422
116
246
57
61
151
230
6
244
390
316
25
208
390
268
24
420
325
316
175
113

22
343
410
134
342
181
426
13
224
50
36
339
295
93
1
48
322
58
343
313
373
367
70

12
185
94
334
59
409
58
223
84
2
235
218
396

27
245
408
188
294
45
76
190
137
129
237
9
186
129
321
161
98
443
22
282
86
407
392
44
14
217
127
68

9
396
13
415
190
420
204
33
66
331

25
203
9
61
263
247
190
185
407
287
177
428
170
262
385
163
357
450
379
86
67
379
31
79
395
221

4
148
305
166
81

21
368
89
190
180
335
431
416
291
319
143
321
38
404
307
252
363
306
181
448
425
109

16
53
106
300
153
253
155
370
385
335
339
24
74
120
410
106
85

25
424
227
173
63
233
81
315
145
386
45
194
360
205
221
15
310
123
219
165
329
138
99
213
26
174

25
145
186
444
281
38
20
58
262
82
342
342
396
36
277
42
281
239
299
103
305
210
225
73
374
103

26
75
368
287
300
256
33
35
301
313
72
320
422
333
4
313
224
1
400
103
43
230
393
341
333
247
152
